FileVersion:2
Type:Static
Guid:511F0225-497E-27A9-8731-289A262E9AF5
ParentGuid:00000000-0000-0000-0000-000000000000
Color:(R=0.000000,G=0.964686,B=0.850129,A=1.000000)

