FileVersion:2
Type:Static
Guid:1AB5E990-4AA8-FD82-2E35-14ACA7568B3D
ParentGuid:00000000-0000-0000-0000-000000000000
Color:(R=0.718750,G=0.718750,B=0.718750,A=1.000000)

